2.654251866874132726e-02 1.184249938338165498e-01 1.178986687301255831e-01 3.252156893175538466e-01 3.913960715248304689e-02 4.665908841728449996e-02 1.260037720620514334e-01 1.210246732983028956e-01 4.010608918602939221e-01 1.365492360318009413e-01 1.436723825741261229e-01 2.699565736605141208e-01 8.079924415123498904e-02 3.866862959643152520e-01 1.502863754335066748e-03 1.578888059148781178e-02 9.312326512900916120e-02 3.135386488484533385e-01 1.390326901347463673e-01 4.677701118398558400e-02
1.184249938338165498e-01 7.925625534386973037e-01 8.273726864315324170e-02 3.801230592251861884e-01 1.635042434441820181e-01 8.857329548530339103e-02 1.108344188673780067e-01 3.900735941293737019e-01 3.018681983442508265e-01 4.856369869617125912e-01 9.793216587786085503e-02 1.088039906306324939e-01 2.272906082760462604e-02 6.034841226961901173e-01 2.908123653420938703e-01 1.245651289237864473e-01 2.374679916491615750e-01 6.796058878604979356e-03 3.124524771400435941e-02 9.126436172184344831e-02
1.178986687301255831e-01 8.273726864315324170e-02 1.578576587850637758e-01 4.888503885035022645e-02 9.153397759572440284e-03 2.297735047877061398e-02 1.388187135491006363e-01 7.127054620487698333e-01 7.544776954180175410e-03 3.494996260949958522e-01 3.471655015493197438e-01 6.946873243679801968e-01 7.221996988625194180e-02 4.897815161459895261e-02 4.217864776229322543e-01 3.349921215693569404e-02 2.487997968905354533e-04 5.801138083646142918e-02 2.554652630319730888e-01 6.247535619045904154e-01
3.252156893175538466e-01 3.801230592251861884e-01 4.888503885035022645e-02 6.296706639553047991e-01 2.343292062910649065e-01 5.825025956478750988e-01 8.795607989185250108e-02 4.087769969865582276e-01 3.037862659247710373e-01 1.751680861260469513e-01 2.192293285257035096e-01 5.093199414609688022e-04 6.554187435678472395e-01 6.825468360264330681e-02 3.131275988064920468e-01 1.413821852145935934e-02 2.869013590759462301e-02 1.229588342089909248e-01 3.274215007832070312e-01 1.504492435066523970e-01
3.913960715248304689e-02 1.635042434441820181e-01 9.153397759572440284e-03 2.343292062910649065e-01 5.877910378507478217e-01 6.414588483598124280e-02 2.367220691599981330e-01 8.853440949453594833e-01 2.280787981115163510e-01 1.267048149993499351e-01 2.293319803892919506e-02 1.420712408349620037e-01 1.728519346312448746e-01 2.021576605929322201e-01 7.786304505723601332e-02 3.995513568540808857e-01 2.518206080329107865e-01 1.695763481253204641e-01 5.081164306122790825e-02 3.911897803327065715e-01
4.665908841728449996e-02 8.857329548530339103e-02 2.297735047877061398e-02 5.825025956478750988e-01 6.414588483598124280e-02 2.983490390306164919e-02 4.707278778358520710e-01 4.160898753936027594e-01 8.100551782910799803e-01 7.827517173374521908e-01 5.246933920819945030e-01 3.139306260377439650e-01 1.026595929906509198e-02 8.486660898269214881e-01 6.453997298710099917e-02 9.821289135562816242e-02 1.910070624344975820e-01 8.825775582715383871e-03 4.148006316734660359e-01 6.667045469803328794e-01
1.260037720620514334e-01 1.108344188673780067e-01 1.388187135491006363e-01 8.795607989185250108e-02 2.367220691599981330e-01 4.707278778358520710e-01 4.322354887263483991e-02 1.230052238150447091e-01 2.404736717646552557e-01 2.627580374391503409e-02 9.787111681210261191e-03 2.204787190787466378e-01 1.379476860326732668e-01 2.313161534305472333e-01 1.913967224716431326e-01 9.674119891993900738e-03 3.091792760850978761e-01 4.432985682486136753e-02 4.387632088593228508e-01 1.493237257078437871e-03
1.210246732983028956e-01 3.900735941293737019e-01 7.127054620487698333e-01 4.087769969865582276e-01 8.853440949453594833e-01 4.160898753936027594e-01 1.230052238150447091e-01 6.118740012920237392e-01 7.891839866736427567e-02 1.679943763746261087e-01 3.011723579955127850e-01 3.238391162957397762e-02 6.447870806343095618e-01 1.098133580395004721e-01 3.403414207370512035e-01 1.590999820849251234e-01 9.927155592598681938e-03 6.536630936365245281e-02 2.237662171241974474e-01 1.704118028107996230e-01
4.010608918602939221e-01 3.018681983442508265e-01 7.544776954180175410e-03 3.037862659247710373e-01 2.280787981115163510e-01 8.100551782910799803e-01 2.404736717646552557e-01 7.891839866736427567e-02 5.434089421078457383e-01 2.239073636078490470e-01 3.571808922678240770e-03 3.965400704934212706e-01 2.630558279785853628e-03 1.764719466210041554e-01 3.332375355695763042e-01 5.433020800121476368e-01 1.016360167463536551e-01 1.008781375707118316e-01 1.042372740842356788e-01 6.649516912451004791e-03
1.365492360318009413e-01 4.856369869617125912e-01 3.494996260949958522e-01 1.751680861260469513e-01 1.267048149993499351e-01 7.827517173374521908e-01 2.627580374391503409e-02 1.679943763746261087e-01 2.239073636078490470e-01 5.312688451998801575e-01 1.265413092147467562e-02 1.668097943759359048e-01 1.978021217658678388e-01 2.171767629217085868e-02 1.633832929909226654e-04 2.786384513323564849e-01 8.482780302620724910e-01 5.224069317169609539e-01 3.442351662502429049e-02 5.151175820085130974e-01
1.436723825741261229e-01 9.793216587786085503e-02 3.471655015493197438e-01 2.192293285257035096e-01 2.293319803892919506e-02 5.246933920819945030e-01 9.787111681210261191e-03 3.011723579955127850e-01 3.571808922678240770e-03 1.265413092147467562e-02 4.495262129703759824e-01 6.861894897906704871e-02 3.409268197426734148e-01 4.059132492098817442e-03 3.789256677521018468e-01 1.569190857826731900e-01 7.585460292501620128e-01 4.469568035465694769e-03 7.803397575805464115e-01 5.852271892492326433e-02
2.699565736605141208e-01 1.088039906306324939e-01 6.946873243679801968e-01 5.093199414609688022e-04 1.420712408349620037e-01 3.139306260377439650e-01 2.204787190787466378e-01 3.238391162957397762e-02 3.965400704934212706e-01 1.668097943759359048e-01 6.861894897906704871e-02 4.995210681764313820e-01 2.169931744237747415e-02 2.997988198015359793e-03 7.815353575067395323e-03 1.167617157714912896e-01 2.642319181781694337e-01 5.589364357426082619e-02 1.803333012236395805e-01 1.621837969961518466e-01
8.079924415123498904e-02 2.272906082760462604e-02 7.221996988625194180e-02 6.554187435678472395e-01 1.728519346312448746e-01 1.026595929906509198e-02 1.379476860326732668e-01 6.447870806343095618e-01 2.630558279785853628e-03 1.978021217658678388e-01 3.409268197426734148e-01 2.169931744237747415e-02 2.636182300698120540e-01 2.794738937773366128e-01 2.511741373585981221e-03 3.415491710171021378e-01 5.071819307740321747e-02 2.948607717244817669e-02 2.662428707098270508e-01 2.998182326577211038e-02
3.866862959643152520e-01 6.034841226961901173e-01 4.897815161459895261e-02 6.825468360264330681e-02 2.021576605929322201e-01 8.486660898269214881e-01 2.313161534305472333e-01 1.098133580395004721e-01 1.764719466210041554e-01 2.171767629217085868e-02 4.059132492098817442e-03 2.997988198015359793e-03 2.794738937773366128e-01 5.949263263658653711e-03 2.640177013264547456e-01 1.603011456943560509e-01 3.169090209454820672e-01 8.787645186143844267e-02 2.993957649063530013e-01 1.200522759272187046e-01
1.502863754335066748e-03 2.908123653420938703e-01 4.217864776229322543e-01 3.131275988064920468e-01 7.786304505723601332e-02 6.453997298710099917e-02 1.913967224716431326e-01 3.403414207370512035e-01 3.332375355695763042e-01 1.633832929909226654e-04 3.789256677521018468e-01 7.815353575067395323e-03 2.511741373585981221e-03 2.640177013264547456e-01 2.981650431540665627e-02 2.433218818043346166e-01 1.244927929498474695e-01 4.075732060518667127e-02 7.720667818375546651e-03 3.497994093224427448e-01
1.578888059148781178e-02 1.245651289237864473e-01 3.349921215693569404e-02 1.413821852145935934e-02 3.995513568540808857e-01 9.821289135562816242e-02 9.674119891993900738e-03 1.590999820849251234e-01 5.433020800121476368e-01 2.786384513323564849e-01 1.569190857826731900e-01 1.167617157714912896e-01 3.415491710171021378e-01 1.603011456943560509e-01 2.433218818043346166e-01 1.424205777366609237e-03 5.107028547157987930e-01 1.922669117184851173e-02 1.895297433898099071e-01 3.547471123908209623e-01
9.312326512900916120e-02 2.374679916491615750e-01 2.487997968905354533e-04 2.869013590759462301e-02 2.518206080329107865e-01 1.910070624344975820e-01 3.091792760850978761e-01 9.927155592598681938e-03 1.016360167463536551e-01 8.482780302620724910e-01 7.585460292501620128e-01 2.642319181781694337e-01 5.071819307740321747e-02 3.169090209454820672e-01 1.244927929498474695e-01 5.107028547157987930e-01 6.379055753982463273e-01 6.766395152724709317e-02 3.194843798089586767e-02 5.182900797714106167e-01
3.135386488484533385e-01 6.796058878604979356e-03 5.801138083646142918e-02 1.229588342089909248e-01 1.695763481253204641e-01 8.825775582715383871e-03 4.432985682486136753e-02 6.536630936365245281e-02 1.008781375707118316e-01 5.224069317169609539e-01 4.469568035465694769e-03 5.589364357426082619e-02 2.948607717244817669e-02 8.787645186143844267e-02 4.075732060518667127e-02 1.922669117184851173e-02 6.766395152724709317e-02 2.680228563286055632e-01 7.935363537989548188e-02 4.640064476259589954e-01
1.390326901347463673e-01 3.124524771400435941e-02 2.554652630319730888e-01 3.274215007832070312e-01 5.081164306122790825e-02 4.148006316734660359e-01 4.387632088593228508e-01 2.237662171241974474e-01 1.042372740842356788e-01 3.442351662502429049e-02 7.803397575805464115e-01 1.803333012236395805e-01 2.662428707098270508e-01 2.993957649063530013e-01 7.720667818375546651e-03 1.895297433898099071e-01 3.194843798089586767e-02 7.935363537989548188e-02 4.555103941641404086e-01 5.382850467731310068e-02
4.677701118398558400e-02 9.126436172184344831e-02 6.247535619045904154e-01 1.504492435066523970e-01 3.911897803327065715e-01 6.667045469803328794e-01 1.493237257078437871e-03 1.704118028107996230e-01 6.649516912451004791e-03 5.151175820085130974e-01 5.852271892492326433e-02 1.621837969961518466e-01 2.998182326577211038e-02 1.200522759272187046e-01 3.497994093224427448e-01 3.547471123908209623e-01 5.182900797714106167e-01 4.640064476259589954e-01 5.382850467731310068e-02 5.464985932535970647e-02
